11.21542123607613
11.206491390732904
10.961355009200307
11.190495018861661
10.989542362393985
11.38933245337019
11.417348711901978
11.278686208442862
10.91802264682184
11.108541861658402
11.339282133429933
11.05742533670939
10.97260255144094
11.17554908193459
10.875176529423868
10.848220555787684
11.050060215411449
10.979691588138246
10.801528429029284
11.22411242435853
11.271591215911645
11.021486170911178
11.382792518789703
11.241051866304764
10.938579355807105
11.068144187995895
10.974436548998428
11.064922818398422
11.276926434125048
11.13335627702989
10.96481441088746
10.942999345914354
11.154403905074147
10.81621610364692
10.740177213208629
11.387474668358093
10.963704013806238
10.694813456413021
11.21703548091874
11.031085800569343
11.038939591557972
11.137178331468688
10.74435497326914
11.068238504327136
10.986729110375009
11.238012890734716
10.8210492357277
10.92266328498646
11.200079145614
11.211608215064736
10.473184667884128
10.610340150925705
10.829387833010367
10.675716215436053
11.083037749104802
11.049885070313133
10.743149470295899
10.889659284858096
10.722842371463141
10.865715446689999
11.067530384144721
11.19981732803409
10.756618406537388
11.11885175141431
10.520988930911846
10.869115376218302
10.561264027553522
10.965665875764591
10.62628454432097
10.717514239543343
10.732598138552781
11.037455276238527
10.698427635422963
10.729786260376411
10.76529773972132
10.713673380800934
10.861662224966622
10.601819320274249
10.611272917575869
10.673543607702236
9.599645349063163
10.735682320672147
10.91562300747329
10.70278775037062
9.036291844017185
11.070705849881376
10.533107772480637
11.106425448173894
10.738122560316333
10.924545530644213
11.031296631361403
10.731597465526182
9.513074226086893
10.130466371558116
10.923381477573038
9.723350758929419
10.080493800668552
10.666940944986834
10.110020445788342
10.516924060676326
