149061
138224
144759
144099
141379
139911
147865
145344
137524
147291
143471
144026
141318
149463
141058
139454
144842
139625
143100
142378
140187
139430
138841
132018
142000
137456
135340
142511
139712
140212
136702
127695
140229
129858
134875
131888
140501
134342
137467
138529
124202
143052
126593
117161
132056
136177
132670
126280
134959
140756
120143
120399
128903
131936
127811
114647
128201
121800
116538
117577
111776
117157
120689
116181
121341
121934
116541
126435
114964
113700
108646
121699
105632
111074
111108
98957
102061
106326
101690
89674
101135
108688
103650
106413
96332
97905
108791
94361
96706
93290
90313
88927
89820
96994
93717
89702
94024
89012
89881
85398
