2.08968335347025
2.6636593795841033
2.2334410218401013
2.4229661880815287
2.7489801089566885
2.5268068551851246
2.0419436499491463
2.304186258733582
2.766752754913059
2.1339450853738486
2.6127565012484864
2.379092083209227
2.5473543944019506
2.0934860102628794
2.645114469152555
2.704339194557021
2.2774359951814573
2.569269467329766
2.5231677191195794
2.5113641908126247
2.7337042449610816
2.5602209223187624
2.7632347388176344
3.344991306772114
2.535797890426748
2.8519033278814683
3.1618785589846383
2.567163389204315
2.7263451131713756
2.699722569978228
3.0096235876316664
4.166971032129323
2.7340048825954706
3.351315854025521
2.872053072817049
3.7164846110118845
2.623412602262611
3.000266945656527
2.962515257930952
2.8915392330372423
4.610487147378372
2.5577055198291134
3.684309544163442
5.351832721043854
3.1751798871715575
2.9595412507886967
3.421524375291289
4.425913427768544
3.1404278733530187
2.8101529013408877
4.57995345102552
4.985880445201905
3.964496591321058
3.5987279000120567
4.15660279297671
4.972369014211303
4.447269545113919
4.153555485705622
5.3897312512403985
4.969244421333902
6.212846533665622
5.292378448457068
4.969507880662988
5.160301019772226
4.579423580928
4.305100605501077
5.215812791870511
4.588716911609401
5.391397704159695
5.678304268334416
6.174400363820431
4.658281173047592
6.229161212846973
5.6017461723187765
5.5550381783492355
7.401979794004056
6.844324181280574
6.830724531910634
6.396992071565501
7.215778092141553
7.297398827379544
6.144064649114441
6.958289344315867
6.024593172566183
7.577340412336281
7.351472014457934
6.436432587702192
7.221553822607258
6.910128590681794
7.600350138563168
7.309160431259073
7.319442716895024
7.374027101514559
7.299971819310353
7.527680300450802
7.593513084010604
7.566067054156403
7.462055249156517
7.71373359957548
8.160745518182244
