41.405833333333334
38.39555555555555
40.21083333333333
40.0275
39.27194444444444
38.86416666666667
41.07361111111111
40.373333333333335
38.20111111111111
40.91416666666667
39.85305555555556
40.007222222222225
39.255
41.5175
39.18277777777778
38.73722222222222
40.23388888888889
38.78472222222222
39.75
39.54944444444445
38.94083333333333
38.730555555555554
38.566944444444445
36.67166666666667
39.44444444444444
38.18222222222222
37.59444444444444
39.58638888888889
38.80888888888889
38.94777777777778
37.97277777777778
35.47083333333333
38.9525
36.071666666666665
37.46527777777778
36.635555555555555
39.028055555555554
37.31722222222222
38.18527777777778
38.48027777777778
34.50055555555556
39.736666666666665
35.164722222222224
32.54472222222222
36.68222222222222
37.82694444444444
36.852777777777774
35.077777777777776
37.48861111111111
39.09888888888889
33.37305555555555
33.44416666666667
35.80638888888889
36.64888888888889
35.503055555555555
31.84638888888889
35.61138888888889
33.833333333333336
32.37166666666667
32.66027777777778
31.04888888888889
32.54361111111111
33.52472222222222
32.2725
33.70583333333333
33.870555555555555
32.3725
35.12083333333333
31.934444444444445
31.583333333333332
30.179444444444446
33.805277777777775
29.342222222222222
30.85388888888889
30.863333333333333
27.488055555555555
28.350277777777777
29.535
28.247222222222224
24.909444444444443
28.093055555555555
30.191111111111113
28.791666666666668
29.559166666666666
26.75888888888889
27.195833333333333
30.219722222222224
26.211388888888887
26.86277777777778
25.913888888888888
25.086944444444445
24.701944444444443
24.95
26.942777777777778
26.0325
24.91722222222222
26.11777777777778
24.725555555555555
24.966944444444444
23.721666666666668
