-616726.0
-528588.0
-610973.0
-599400.0
-543071.0
-535096.0
-612692.0
-577878.0
-510220.0
-598299.0
-581678.0
-583333.0
-557310.0
-597537.0
-553401.0
-557141.0
-594887.0
-550793.0
-572070.0
-560261.0
-572311.0
-574556.0
-545550.0
-453857.0
-497513.0
-531573.0
-520054.0
-564507.0
-521527.0
-511850.0
-474912.0
-431582.0
-529959.0
-401928.0
-514512.0
-472423.0
-557351.0
-528466.0
-481859.0
-525028.0
-432814.0
-551181.0
-403890.0
-371861.0
-432618.0
-510966.0
-431399.0
-432652.0
-484557.0
-533314.0
-389385.0
-424272.0
-420774.0
-467223.0
-442512.0
-351026.0
-418430.0
-387377.0
-388016.0
-378958.0
-369149.0
-396125.0
-359783.0
-371428.0
-355539.0
-392547.0
-358237.0
-440405.0
-362488.0
-363670.0
-317407.0
-431399.0
-297330.0
-348463.0
-312458.0
-302397.0
-289297.0
-302010.0
-322428.0
-253182.0
-259961.0
-315606.0
-315256.0
-257243.0
-298838.0
-352003.0
-298219.0
-232708.0
-263654.0
-265556.0
-300438.0
-252738.0
-296222.0
-298373.0
-300596.0
-229278.0
-352898.0
-272175.0
-282566.0
-296350.0
