11.12138701910591
10.730814429013922
10.516953254404234
10.75125813730128
10.77796492528768
11.362742486764086
11.048639782252485
10.843743968382308
10.94899322562896
10.89683048413183
10.993001460839693
10.84763766203815
10.542495862104301
10.906898500787202
11.124081484758054
10.398503972873248
11.114191169634216
10.795084824898929
10.389810306744192
10.697854246099347
10.90267100672961
10.552977650601344
11.02075148219193
11.094935895168486
10.664612375948787
10.44097262240974
10.918781816832011
10.91589578905645
10.9208260815272
10.982317267616562
10.606302353231014
10.598929499852831
10.710209571721682
10.730439993387698
10.581832721070553
10.825943381769472
10.36926858781156
10.747820750100685
10.768237776360962
10.776036416046184
10.79486037652504
10.688762422708177
10.453876744438524
11.158724694027894
10.512611742191112
10.77453162740298
10.87759315662649
10.565874273503697
11.110618477998049
10.949584330900056
10.83538932648063
10.776895868404626
10.503280851355695
10.463574760358163
10.905334815208178
10.069481369559925
10.74129094699923
10.213766635620704
10.597189706123276
10.457602898844891
11.003720257088041
10.914741829425095
10.416645003092352
10.58281608541618
10.639485718968618
10.357720176548757
10.368695142965215
10.553377650326825
10.566678591881702
10.817041638802191
10.168817472378123
9.85082929147588
10.504065165167077
10.641097094642971
10.389327460545106
10.007497100019767
10.060508507131237
9.397182848117614
10.355573915094253
8.658656717438419
9.9745477447544
10.15586701499406
10.337174010178163
9.646985808391168
10.158892203312597
10.615973281591694
8.947469391608715
9.548553390849614
8.210297723383677
10.211435173183457
10.256906469918173
9.391831763841372
10.310190088158983
9.85151626892454
9.991225480184102
9.152726560337785
8.19534680540723
10.229968111587125
9.493177532649012
10.146833386890599
