2.185438748798054
2.309634971104668
2.247104413433385
2.24520663633556
2.272179475637773
2.0144852053758524
2.0006380026466553
2.0931082789721493
2.57439102736463
2.200083482982809
2.0271740493137154
2.5891796927312116
2.055887634532272
2.467313028154932
2.7439425101783197
2.7631780903719925
2.2186060551057585
2.371225729596946
2.6492260346034886
2.5658596785888705
2.414151465668716
2.4951144115620045
2.1657998629409234
2.1606694990664472
2.647020770659694
2.4130768433827754
2.52989185350942
2.645417086994588
2.875006350266093
2.8612204362842055
3.066387012349431
3.0508644713154367
3.02075922889109
2.4820606325235084
2.621309886653345
2.699231236882032
2.83795255293913
3.755072019089294
3.239401905558146
2.7134389681430564
2.762179147437068
3.0567628858781233
3.6674388943128395
2.452744319338897
2.954280243589011
3.3989264635864984
3.258291107035433
3.433842227491325
2.771266005701702
3.108937382869212
2.846712915307447
3.3762956209144486
3.285074586614518
3.3357335087301783
3.7986582413967485
4.103471778379303
3.126851614795592
3.7875567864434556
3.6532409479523342
3.6780208399170085
3.460709870116521
3.636676208701558
4.323465216048256
4.256707243236131
3.7135942488613622
3.970188233442328
4.117677084516135
4.341394330271365
4.080027528533091
3.9847249054935836
4.164182585793933
4.418420802184759
3.437289179288867
4.3046941044695775
4.400976871546362
4.341410392792363
4.316034773861065
5.571371513314803
4.048182123158757
5.693093544334238
4.744107676085269
5.119268641897037
4.576062630929893
4.731819521972336
4.663254571013912
4.679929835054486
5.247763538570839
5.274193361399308
5.752541398524781
5.064916265930286
5.210059730117578
5.315012966869304
5.3589791148585375
4.972198043644146
5.760561450500633
5.887744576267801
5.872438264223198
4.9349270987910705
5.130259580146088
5.3609218747235206
