41.20722222222222
40.75138888888889
41.094166666666666
40.51027777777778
40.67333333333333
42.10444444444445
41.89277777777778
41.5125
39.93805555555556
41.24472222222222
41.63305555555556
39.660833333333336
41.999722222222225
40.42916666666667
39.14527777777778
39.60666666666667
41.11083333333333
40.117222222222225
39.91416666666667
39.354166666666664
40.221944444444446
39.845555555555556
41.86194444444445
41.35472222222222
39.874722222222225
39.721944444444446
40.093333333333334
39.40777777777778
38.215555555555554
38.62777777777778
38.02027777777778
38.300555555555555
38.35166666666667
39.93861111111111
39.33444444444444
38.75611111111111
38.992777777777775
36.6025
37.54694444444444
39.06361111111111
39.2225
38.055277777777775
36.59916666666667
40.18694444444444
38.11805555555556
36.959722222222226
38.014722222222225
36.9625
39.13805555555555
38.10444444444445
38.56583333333333
38.024166666666666
37.19222222222222
37.283611111111114
36.36555555555555
34.58972222222222
38.25416666666667
35.52972222222222
36.35888888888889
35.87444444444444
36.81027777777778
36.824444444444445
35.551944444444445
36.00138888888889
37.15833333333333
35.358333333333334
35.17388888888889
36.57611111111111
35.79277777777778
35.48138888888889
35.059444444444445
37.338055555555556
36.67888888888889
34.53388888888889
34.48138888888889
36.09638888888889
34.48916666666667
35.980555555555554
35.632222222222225
33.35916666666667
34.54222222222222
34.719722222222224
33.89861111111111
36.17055555555555
33.88388888888889
35.96472222222222
37.132777777777775
34.905
37.77638888888889
34.78916666666667
33.754444444444445
34.736666666666665
33.80083333333334
35.967777777777776
33.51277777777778
35.55972222222222
36.179722222222225
34.47833333333333
35.431666666666665
35.34388888888889
