-640251.0
-602625.0
-622936.0
-626351.0
-573097.0
-675240.0
-610740.0
-625204.0
-602160.0
-592100.0
-631383.0
-586619.0
-623708.0
-548314.0
-529788.0
-514325.0
-640352.0
-596797.0
-550773.0
-552003.0
-581457.0
-552029.0
-602411.0
-574772.0
-544954.0
-552912.0
-565513.0
-529100.0
-507372.0
-513127.0
-504059.0
-508248.0
-519446.0
-551332.0
-544753.0
-547647.0
-517934.0
-449185.0
-515890.0
-525525.0
-528897.0
-503567.0
-483689.0
-558736.0
-499878.0
-479635.0
-523245.0
-442420.0
-554085.0
-507280.0
-547442.0
-511092.0
-474742.0
-457556.0
-510098.0
-378581.0
-507233.0
-419493.0
-444067.0
-442484.0
-490015.0
-474719.0
-502561.0
-458988.0
-486446.0
-426312.0
-438385.0
-538014.0
-461313.0
-434077.0
-401988.0
-553525.0
-452844.0
-414525.0
-386194.0
-398744.0
-444645.0
-665947.0
-452132.0
-429098.0
-403190.0
-465102.0
-388585.0
-422127.0
-397387.0
-480102.0
-587284.0
-432357.0
-763670.0
-438547.0
-430284.0
-431685.0
-438575.0
-480161.0
-531795.0
-502174.0
-700376.0
-435089.0
-527036.0
-474802.0
