148346
146705
147939
145837
146424
151576
150814
149445
143777
148481
149879
142779
151199
145545
140923
142584
147999
144422
143691
141675
144799
143444
150703
148877
143549
142999
144336
141868
137576
139060
136873
137882
138066
143779
141604
139522
140374
131769
135169
140629
141201
136999
131757
144673
137225
133055
136853
133065
140897
137176
138837
136887
133892
134221
130916
124523
137715
127907
130892
129148
132517
132568
127987
129605
133770
127290
126626
131674
128854
127733
126214
134417
132044
124322
124133
129947
124161
129530
128276
120093
124352
124991
122035
130214
121982
129473
133678
125658
135995
125241
121516
125052
121683
129484
120646
128015
130247
124122
127554
127238
