lane min sec num
1 0 10 3
2 0 10 11
3 0 10 15
1 0 20 3
2 0 20 15
3 0 20 12
1 0 30 5
2 0 30 12
3 0 30 16
1 0 40 7
2 0 40 12
3 0 40 13
1 0 50 3
2 0 50 13
3 0 50 2
1 1 0 3
2 1 0 10
3 1 0 5
1 1 10 3
2 1 10 12
3 1 10 6
1 1 20 2
2 1 20 9
3 1 20 3
1 1 30 2
2 1 30 11
3 1 30 12
1 1 40 3
2 1 40 11
3 1 40 13
1 1 50 4
2 1 50 9
3 1 50 7
1 2 0 3
2 2 0 13
3 2 0 13
1 2 10 7
2 2 10 12
3 2 10 7
1 2 20 3
2 2 20 16
3 2 20 14
1 2 30 6
2 2 30 9
3 2 30 6
1 2 40 3
2 2 40 9
3 2 40 8
1 2 50 0
2 2 50 9
3 2 50 7
1 3 0 0
2 3 0 7
3 3 0 5
1 3 10 0
2 3 10 8
3 3 10 5
1 3 20 0
2 3 20 10
3 3 20 25
1 3 30 6
2 3 30 11
3 3 30 7
1 3 40 2
2 3 40 7
3 3 40 8
1 3 50 1
2 3 50 12
3 3 50 14
1 4 0 4
2 4 0 14
3 4 0 13
1 4 10 5
2 4 10 10
3 4 10 15
1 4 20 2
2 4 20 14
3 4 20 19
1 4 30 2
2 4 30 11
3 4 30 24
1 4 40 2
2 4 40 7
3 4 40 23
1 4 50 6
2 4 50 9
3 4 50 10
1 5 0 4
2 5 0 11
3 5 0 14
1 5 10 6
2 5 10 13
3 5 10 14
1 5 20 2
2 5 20 11
3 5 20 16
1 5 30 5
2 5 30 16
3 5 30 15
1 5 40 7
2 5 40 11
3 5 40 13
1 5 50 3
2 5 50 17
3 5 50 7
1 6 0 1
2 6 0 10
3 6 0 7
1 6 10 0
2 6 10 9
3 6 10 9
1 6 20 0
2 6 20 10
3 6 20 11
1 6 30 2
2 6 30 9
3 6 30 10
1 6 40 2
2 6 40 8
3 6 40 5
1 6 50 1
2 6 50 11
3 6 50 20
1 7 0 6
2 7 0 15
3 7 0 10
1 7 10 8
2 7 10 13
3 7 10 11
1 7 20 4
2 7 20 14
3 7 20 15
1 7 30 6
2 7 30 11
3 7 30 11
1 7 40 4
2 7 40 14
3 7 40 11
1 7 50 6
2 7 50 10
3 7 50 8
1 8 0 3
2 8 0 12
3 8 0 14
1 8 10 3
2 8 10 12
3 8 10 13
1 8 20 4
2 8 20 12
3 8 20 13
1 8 30 2
2 8 30 7
3 8 30 7
1 8 40 4
2 8 40 12
3 8 40 10
1 8 50 2
2 8 50 11
3 8 50 9
1 9 0 3
2 9 0 10
3 9 0 10
1 9 10 6
2 9 10 5
3 9 10 7
1 9 20 0
2 9 20 5
3 9 20 5
1 9 30 0
2 9 30 5
3 9 30 4
1 9 40 0
2 9 40 3
3 9 40 4
1 9 50 0
2 9 50 5
3 9 50 3
1 10 0 1
2 10 0 5
3 10 0 12
1 10 10 5
2 10 10 7
3 10 10 12
1 10 20 2
2 10 20 9
3 10 20 18
1 10 30 0
2 10 30 14
3 10 30 12
1 10 40 3
2 10 40 11
3 10 40 15
1 10 50 4
2 10 50 12
3 10 50 11
1 11 0 3
2 11 0 8
3 11 0 17
1 11 10 3
2 11 10 7
3 11 10 8
1 11 20 6
2 11 20 9
3 11 20 10
1 11 30 6
2 11 30 8
3 11 30 6
1 11 40 4
2 11 40 13
3 11 40 7
1 11 50 6
2 11 50 12
3 11 50 12
1 12 0 4
2 12 0 18
3 12 0 9
1 12 10 3
2 12 10 11
3 12 10 7
1 12 20 6
2 12 20 13
3 12 20 8
1 12 30 2
2 12 30 15
3 12 30 3
1 12 40 1
2 12 40 9
3 12 40 9
1 12 50 0
2 12 50 9
3 12 50 16
1 13 0 0
2 13 0 10
3 13 0 7
1 13 10 0
2 13 10 9
3 13 10 4
1 13 20 7
2 13 20 11
3 13 20 23
1 13 30 1
2 13 30 15
3 13 30 14
1 13 40 1
2 13 40 9
3 13 40 11
1 13 50 6
2 13 50 18
3 13 50 16
1 14 0 3
2 14 0 8
3 14 0 15
1 14 10 2
2 14 10 16
3 14 10 13
1 14 20 3
2 14 20 22
3 14 20 14
1 14 30 2
2 14 30 14
3 14 30 12
1 14 40 7
2 14 40 12
3 14 40 9
1 14 50 2
2 14 50 14
3 14 50 12
1 15 0 4
2 15 0 19
3 15 0 9
1 15 10 4
2 15 10 16
3 15 10 9
1 15 20 5
2 15 20 10
3 15 20 9
1 15 30 4
2 15 30 9
3 15 30 14
1 15 40 4
2 15 40 14
3 15 40 8
1 15 50 0
2 15 50 7
3 15 50 5
1 16 0 0
2 16 0 6
3 16 0 6
1 16 10 0
2 16 10 7
3 16 10 5
1 16 20 0
2 16 20 6
3 16 20 4
1 16 30 1
2 16 30 7
3 16 30 16
1 16 40 4
2 16 40 9
3 16 40 10
1 16 50 3
2 16 50 18
3 16 50 9
1 17 0 1
2 17 0 12
3 17 0 10
1 17 10 1
2 17 10 13
3 17 10 3
1 17 20 2
2 17 20 11
3 17 20 8
1 17 30 3
2 17 30 11
3 17 30 8
1 17 40 4
2 17 40 11
3 17 40 7
1 17 50 4
2 17 50 17
3 17 50 5
1 18 0 1
2 18 0 10
3 18 0 14
1 18 10 3
2 18 10 15
3 18 10 12
1 18 20 1
2 18 20 15
3 18 20 8
1 18 30 3
2 18 30 9
3 18 30 10
1 18 40 2
2 18 40 13
3 18 40 4
1 18 50 1
2 18 50 9
3 18 50 7
1 19 0 0
2 19 0 5
3 19 0 4
1 19 10 0
2 19 10 6
3 19 10 6
1 19 20 0
2 19 20 6
3 19 20 5
1 19 30 0
2 19 30 8
3 19 30 3
1 19 40 4
2 19 40 14
3 19 40 18
1 19 50 3
2 19 50 10
3 19 50 16
1 20 0 4
2 20 0 11
3 20 0 14
1 20 10 4
2 20 10 10
3 20 10 17
1 20 20 0
2 20 20 13
3 20 20 10
1 20 30 1
2 20 30 9
3 20 30 12
1 20 40 2
2 20 40 8
3 20 40 6
1 20 50 1
2 20 50 11
3 20 50 10
1 21 0 0
2 21 0 10
3 21 0 10
1 21 10 1
2 21 10 18
3 21 10 12
1 21 20 1
2 21 20 18
3 21 20 11
1 21 30 4
2 21 30 21
3 21 30 11
1 21 40 1
2 21 40 11
3 21 40 15
1 21 50 1
2 21 50 15
3 21 50 9
1 22 0 2
2 22 0 11
3 22 0 7
1 22 10 2
2 22 10 9
3 22 10 4
1 22 20 1
2 22 20 7
3 22 20 10
1 22 30 1
2 22 30 7
3 22 30 5
1 22 40 0
2 22 40 7
3 22 40 6
1 22 50 0
2 22 50 10
3 22 50 15
1 23 0 4
2 23 0 11
3 23 0 12
1 23 10 4
2 23 10 11
3 23 10 12
1 23 20 3
2 23 20 10
3 23 20 14
1 23 30 2
2 23 30 15
3 23 30 13
1 23 40 4
2 23 40 14
3 23 40 12
1 23 50 5
2 23 50 18
3 23 50 11
1 24 0 3
2 24 0 13
3 24 0 8
1 24 10 5
2 24 10 14
3 24 10 9
1 24 20 3
2 24 20 7
3 24 20 8
1 24 30 4
2 24 30 12
3 24 30 10
1 24 40 3
2 24 40 9
3 24 40 8
1 24 50 3
2 24 50 10
3 24 50 6
1 25 0 3
2 25 0 10
3 25 0 6
1 25 10 3
2 25 10 10
3 25 10 6
1 25 20 3
2 25 20 10
3 25 20 6
1 25 30 3
2 25 30 10
3 25 30 6
1 25 40 3
2 25 40 10
3 25 40 6
1 25 50 3
2 25 50 10
3 25 50 6
1 26 0 3
2 26 0 10
3 26 0 6
1 26 10 2
2 26 10 14
3 26 10 20
1 26 20 3
2 26 20 12
3 26 20 9
1 26 30 3
2 26 30 13
3 26 30 12
1 26 40 2
2 26 40 9
3 26 40 11
1 26 50 2
2 26 50 8
3 26 50 10
1 27 0 3
2 27 0 17
3 27 0 15
1 27 10 3
2 27 10 9
3 27 10 12
1 27 20 3
2 27 20 12
3 27 20 11
1 27 30 11
2 27 30 8
3 27 30 8
1 27 40 5
2 27 40 8
3 27 40 11
1 27 50 4
2 27 50 5
3 27 50 11
1 28 0 5
2 28 0 6
3 28 0 6
1 28 10 3
2 28 10 9
3 28 10 9
1 28 20 4
2 28 20 10
3 28 20 5
1 28 30 2
2 28 30 12
3 28 30 5
1 28 40 1
2 28 40 11
3 28 40 9
1 28 50 0
2 28 50 11
3 28 50 8
1 29 0 1
2 29 0 11
3 29 0 6
1 29 10 0
2 29 10 11
3 29 10 5
1 29 20 2
2 29 20 12
3 29 20 16
1 29 30 3
2 29 30 8
3 29 30 12
1 29 40 1
2 29 40 7
3 29 40 17
1 29 50 4
2 29 50 12
3 29 50 15
1 30 0 3
2 30 0 16
3 30 0 13
1 30 10 5
2 30 10 14
3 30 10 14
1 30 20 3
2 30 20 12
3 30 20 15
1 30 30 6
2 30 30 9
3 30 30 12
1 30 40 5
2 30 40 11
3 30 40 10
1 30 50 7
2 30 50 12
3 30 50 12
1 31 0 5
2 31 0 13
3 31 0 10
1 31 10 7
2 31 10 11
3 31 10 13
1 31 20 6
2 31 20 11
3 31 20 13
1 31 30 6
2 31 30 13
3 31 30 13
1 31 40 4
2 31 40 14
3 31 40 7
1 31 50 2
2 31 50 9
3 31 50 6
1 32 0 0
2 32 0 7
3 32 0 3
1 32 10 0
2 32 10 7
3 32 10 9
1 32 20 0
2 32 20 7
3 32 20 9
