27.793055555555554
30.779166666666665
33.47555555555556
25.280833333333334
29.98138888888889
29.88
30.594444444444445
29.774166666666666
23.164166666666667
31.214166666666667
29.156388888888888
24.629722222222224
25.20611111111111
29.715
23.874444444444446
25.096666666666668
26.300555555555555
24.29888888888889
24.463333333333335
27.83972222222222
27.27722222222222
21.178333333333335
21.418333333333333
25.92361111111111
24.192777777777778
19.511388888888888
27.314166666666665
22.161666666666665
27.840555555555557
25.04083333333333
24.405833333333334
21.895833333333332
20.16611111111111
27.891666666666666
28.50888888888889
19.29138888888889
22.624444444444446
22.886388888888888
24.842777777777776
20.121111111111112
27.877777777777776
19.59
19.845277777777778
21.620277777777776
21.585555555555555
20.639444444444443
21.46
19.553055555555556
22.976388888888888
20.453055555555554
18.484444444444446
20.718888888888888
20.566111111111113
20.539166666666667
17.105
16.34722222222222
16.418055555555554
16.830277777777777
18.63277777777778
20.381666666666668
16.32888888888889
19.85361111111111
18.772222222222222
20.320555555555554
19.59611111111111
16.561666666666667
17.085
15.980277777777777
14.453888888888889
17.177777777777777
17.391944444444444
15.846111111111112
16.11777777777778
12.67
17.31277777777778
17.390833333333333
15.437777777777777
17.30027777777778
15.702777777777778
16.02722222222222
14.339166666666667
13.944444444444445
15.28888888888889
12.679722222222223
13.198333333333334
13.150277777777777
13.327777777777778
12.351666666666667
14.633055555555556
13.362222222222222
14.351111111111111
12.663611111111111
14.988333333333333
12.037777777777778
14.434166666666666
12.145277777777778
11.69138888888889
10.44361111111111
12.346944444444444
11.44
