-293498.0
-342820.0
-509654.0
-161290.0
-290872.0
-378583.0
-285862.0
-370711.0
-224806.0
-504465.0
-375093.0
-234012.0
-233588.0
-337246.0
-201013.0
-223037.0
-211787.0
-283397.0
-196802.0
-299736.0
-277236.0
-181710.0
-221606.0
-253286.0
-289258.0
-139813.0
-328552.0
-180441.0
-307973.0
-271093.0
-247660.0
-182927.0
-143393.0
-307143.0
-255583.0
-210144.0
-187132.0
-177324.0
-213437.0
-146101.0
-338478.0
-146302.0
-160707.0
-143021.0
-185496.0
-206181.0
-224600.0
-144124.0
-238108.0
-202705.0
-169369.0
-154174.0
-177173.0
-225353.0
-179995.0
-156345.0
-144405.0
-180978.0
-156738.0
-159131.0
-146690.0
-161868.0
-134318.0
-141806.0
-159822.0
-138440.0
-126837.0
-123829.0
-142770.0
-135930.0
-140417.0
-156798.0
-127072.0
-128378.0
-139286.0
-165384.0
-136580.0
-177580.0
-132868.0
-145742.0
-161713.0
-137470.0
-136893.0
-114397.0
-128596.0
-150744.0
-146627.0
-130066.0
-179662.0
-219421.0
-135078.0
-138575.0
-130164.0
-158837.0
-115648.0
-117106.0
-137785.0
-143212.0
-159549.0
-135841.0
