100055
110805
120512
91011
107933
107568
110140
107187
83391
112371
104963
88667
90742
106974
85948
90348
94682
87476
88068
100223
98198
76242
77106
93325
87094
70241
98331
79782
100226
90147
87861
78825
72598
100410
102632
69449
81448
82391
89434
72436
100360
70524
71443
77833
77708
74302
77256
70391
82715
73631
66544
74588
74038
73941
61578
58850
59105
60589
67078
73374
58784
71473
67580
73154
70546
59622
61506
57529
52034
61840
62611
57046
58024
45612
62326
62607
55576
62281
56530
57698
51621
50200
55040
45647
47514
47341
47980
44466
52679
48104
51664
45589
53958
43336
51963
43723
42089
37597
44449
41184
