5.386557172858541
5.399197658635042
4.624941138955861
5.471269427399702
5.943127322392727
5.236481264846193
5.045305626426294
5.445356674109282
5.99403117045905
4.833926286302209
6.021594192083408
6.6796350264579925
5.7131412097476435
5.076973418505382
6.221179066315918
6.063319859064425
6.465746333177161
5.9488889388019235
6.025140618441303
5.611310609792041
6.750908153066812
6.493392800285871
7.46928203950434
5.672987952877256
5.930051851179239
6.413366221333124
5.983650089736098
6.5461096770951785
5.983593021506778
6.210029404325273
6.2130457333369
7.129044830992445
6.6229335397207585
5.551798203235684
5.504509912854245
8.161122121942704
6.339874643807729
6.324697413700904
6.449525510885993
7.971476414676061
6.685919087981039
6.98843019205062
6.602854665784139
6.6262814573241196
6.9519929611976226
6.80563425362666
7.922440053181877
7.039072939116122
7.526088277721747
8.568697694059047
7.360140202074957
6.898679693800858
6.931286316721095
7.0615941791996315
8.70894600059776
7.022343093603667
8.584317020261123
7.768528293401629
7.391687883067519
6.768992088092849
8.929219195492948
6.669913155061163
7.516800169672581
7.315883484008273
7.322185069592798
7.833857692857839
7.406976450772777
8.167389352555686
8.497642803766007
7.599393964933621
7.9992100485232
8.715548434402073
7.762436656033946
8.615262542682927
7.751553485037105
8.308717316727602
8.699380388467429
8.574817633083304
8.01526003593524
8.177953502584788
8.922148904807736
9.251972511750504
8.191669708752128
8.554277786078465
9.373893168746179
9.777801567046152
9.268847113499135
8.770659289533894
9.426916252731697
9.751952078327397
9.408707584125246
8.9135738330805
8.568498575973258
10.270839504539767
8.14092738159541
9.824520205284514
9.604317146183801
9.546096665134346
10.314791373969035
10.531751654368543
