11.88925586682281
11.765918628526375
11.719056900603857
12.001051271081103
12.24005780129529
12.025745433004317
11.635969729316132
11.642635286370245
11.806945335792149
11.930187944290688
12.149192968644979
12.020444931870614
11.854384613264326
11.74881250658096
11.382799608732698
11.892803038415892
11.954158476424986
11.858204341521965
11.70038618743981
11.846032528660503
11.943393221526419
12.061525550707195
12.188173611487176
11.88849725619381
11.912328160176266
11.964435968295106
11.664626742575106
11.701379908257625
11.942711172365911
11.663450471346946
11.809097202732247
11.829782924418044
11.976027000438735
12.016104591786466
12.198175498430773
12.094271316347259
11.95827788052947
12.090320020322228
11.86959302853939
12.105746290090611
12.017140979436302
11.974150377972515
11.987089828286821
11.711215652046599
11.783293507322108
11.956439703871242
11.834560261829132
11.838142689330637
12.16666894902342
12.166879713135186
11.521973429708245
12.023485482109043
11.863303789453655
11.800776219105007
11.820184447768659
11.882767733632937
12.094038694844697
11.80551134569647
12.09280792532272
11.822353509718695
12.071998736530809
11.880786837695444
11.797085526090557
11.91508118076798
11.660623175455973
12.009597377279729
11.907074570627957
11.823939426494077
11.98580008170467
11.656011834322964
12.151296148437922
12.094743309462263
11.833481681593302
12.018866194399925
11.874511825409876
11.885190893707973
11.964005328056933
12.11254781522653
12.100962416883762
11.826768634750664
12.197781048606087
11.937819757027123
11.981764236989703
12.204026493735666
11.917966645805336
11.991960742513745
12.218453724528343
12.094254889184974
11.978803477881184
12.086730315595034
11.955564591986061
11.991511428618052
11.936290663616534
12.09341950329693
12.08927191362244
12.073767423037298
12.054915030063214
12.024417149507242
12.261046480643707
12.190135172868896
