-365974.0
-232158.0
-306190.0
-262306.0
-341709.0
-257940.0
-213115.0
-261501.0
-392583.0
-267167.0
-360338.0
-174925.0
-136755.0
-319304.0
-209941.0
-327586.0
-348221.0
-322693.0
-264118.0
-265858.0
-288849.0
-345550.0
-313415.0
-259002.0
-357267.0
-138324.0
-217717.0
-179065.0
-240415.0
-228669.0
-222578.0
-147794.0
-165452.0
-218861.0
-154503.0
-271445.0
-118430.0
-177264.0
-157477.0
-198928.0
-160068.0
-112417.0
-179977.0
-131119.0
-105886.0
-254395.0
-224281.0
-121154.0
-227338.0
-303286.0
-246211.0
-133893.0
-173168.0
-123359.0
-200111.0
-127221.0
-176729.0
-157356.0
-126954.0
-121173.0
-120024.0
-131188.0
-155515.0
-130954.0
-114234.0
-97352.0
-121359.0
-104002.0
-111302.0
-103202.0
-121721.0
-120476.0
-161557.0
-100094.0
-101528.0
-120566.0
-96253.0
-104867.0
-112572.0
-115316.0
-141129.0
-96061.0
-109601.0
-98295.0
-117437.0
-96218.0
-128398.0
-96416.0
-110595.0
-124019.0
-120354.0
-102304.0
-113449.0
-122283.0
-108624.0
-115324.0
-119021.0
-115492.0
-132295.0
-110832.0
