11.97773678415759
11.758419003787612
11.734509166029712
12.06108198244014
12.292921333747733
11.90126347940269
11.662841396114668
11.804282739135985
11.823793368530216
11.900893933524388
12.180539774662432
11.956599492674197
11.971369487079373
11.84397630400711
11.512591309541717
11.778693758246714
11.730974352177814
11.87747908349692
11.900318187471065
11.772139051297104
11.961063506393666
11.819132910596684
12.24496135841516
11.873647488816781
12.009892266126563
11.805946605881452
11.836837001334313
11.719972882539153
11.948074120807489
11.640297264383452
11.771549359560526
11.916941871091595
11.724356167289761
11.771129518008088
12.235221705128838
12.011359045591794
12.050331668873993
12.12672809177153
11.952870049697347
12.017421838420697
12.00968645216779
11.95161443737608
11.827060629859595
11.701604914164728
11.845935369883277
11.942000639055294
12.040305558211019
12.023143325528611
12.012020132414053
12.225711366559082
11.567380603386175
11.957176460204057
11.80782898793127
11.833076654449243
11.857099102997585
12.055713805031067
12.197080129011596
11.816282507722379
12.00946700698669
11.87436585807616
12.184595754137643
12.016156965572012
11.858015935458285
12.08348589572623
11.61575944949444
11.95335198339654
12.007334256338396
12.01672903718148
12.129782630093104
11.74203819905594
12.156906626965156
12.10830382544318
11.871550600180814
12.072344929353875
12.023941545588261
11.968847322573081
12.098888681389624
12.228086624454198
12.024743408265811
11.781171347946367
12.233531452011691
12.08771558032935
11.923985118927567
12.234052665647269
12.064954893525012
12.002553571052967
12.111977669274603
11.955710981270101
11.694955576669281
12.143104911623464
12.133109665837866
12.128664053414996
11.898793583248915
12.098714677679075
11.762970241754994
11.919172246265497
12.251578655741048
11.998606348472862
12.412569702286929
12.349216843547794
