4.683389653220651
5.29539250678309
5.306696914799024
5.820074336897918
5.183429428539732
5.815584670926137
5.4776483360102795
5.926324473486584
4.375194849013637
4.983565761447976
6.1317128391864015
6.2424558126233265
6.293616155564223
5.073739282573442
5.939309292844514
5.219481520487842
5.126934963931733
5.183431954143896
5.465541543582526
5.866531506330348
7.467722614747262
5.486170767310774
6.637888345557199
5.272599706161094
4.77381187231063
5.725694336422526
5.958172939071321
6.023129088595663
5.599875608502207
6.992634570069015
6.249117622714693
6.94069138306844
6.24854637765431
5.968735660317984
6.735961092605592
7.2930787887815205
7.288678021639966
6.474195781357433
6.880897135923895
7.299680834687703
7.874955762247953
7.164716735216084
6.4540864614457165
6.370379020168001
7.824132916283018
5.791742783615329
7.74468600784842
7.52480957677879
7.904115163385525
6.918357314717158
5.887367615679102
6.875664640678204
6.091195534238071
7.598641770759834
8.354216682739107
7.668261488137958
8.541741953609304
6.869975273196426
7.889092553177334
7.948651835480779
8.902875292131016
7.109712287835422
7.271853215425774
8.227360525702135
8.165410647955524
7.613660589984854
7.890746668467733
8.222650950126726
8.576576559789801
7.6886173188197136
8.747881061929732
8.903838173264687
8.320765343411114
7.373372564607403
8.827936102170842
8.388780421242977
8.596647062413515
9.804842200282257
8.515832377433476
8.428857810900427
8.69868967910351
8.963362672076611
8.152209767535338
9.162032501230176
9.037690013793522
9.738058956407047
9.298580642690881
9.325488330366113
9.580294425407011
9.752037858940493
9.681636617781127
9.924459159806611
8.593934177267618
10.284378917734184
9.649416554711028
9.993359741820877
9.504605286190145
10.058338679416206
9.70158814956016
10.839220264364146
