113381
107545
103112
95177
121130
97945
100227
94093
118468
108127
102898
92981
78152
112992
96112
103749
107755
107868
98336
99145
93592
108197
97765
96102
110140
88072
91372
93980
93743
79255
95983
72844
83435
94087
80998
89840
70181
78903
76089
79026
70438
65603
78100
76312
56984
98837
79959
61635
75834
94676
93930
75262
81121
66264
65992
66698
65755
70332
68674
64154
59102
68248
72167
55376
54420
61158
66001
57643
46370
56785
47700
49111
54427
55020
48785
59834
50853
45999
49607
50628
62924
43244
48352
42156
51700
44973
54153
40355
48229
43494
45252
42941
50739
47361
43307
40218
41108
39775
42023
35207
