31.494722222222222
29.87361111111111
28.642222222222223
26.438055555555554
33.647222222222226
27.206944444444446
27.840833333333332
26.136944444444445
32.90777777777778
30.03527777777778
28.58277777777778
25.828055555555554
21.70888888888889
31.386666666666667
26.697777777777777
28.819166666666668
29.931944444444444
29.963333333333335
27.315555555555555
27.540277777777778
25.997777777777777
30.05472222222222
27.156944444444445
26.695
30.594444444444445
24.464444444444446
25.38111111111111
26.105555555555554
26.039722222222224
22.01527777777778
26.661944444444444
20.234444444444446
23.176388888888887
26.135277777777777
22.499444444444446
24.955555555555556
19.494722222222222
21.9175
21.135833333333334
21.951666666666668
19.566111111111113
18.223055555555554
21.694444444444443
21.197777777777777
15.828888888888889
27.454722222222223
22.210833333333333
17.120833333333334
21.065
26.29888888888889
26.091666666666665
20.906111111111112
22.53361111111111
18.406666666666666
18.33111111111111
18.52722222222222
18.26527777777778
19.536666666666665
19.07611111111111
17.820555555555554
16.41722222222222
18.95777777777778
20.046388888888888
15.382222222222222
15.116666666666667
16.988333333333333
18.33361111111111
16.011944444444445
12.880555555555556
15.77361111111111
13.25
13.641944444444444
15.118611111111111
15.283333333333333
13.551388888888889
16.620555555555555
14.125833333333333
12.7775
13.779722222222222
14.063333333333333
17.47888888888889
12.012222222222222
13.431111111111111
11.71
14.36111111111111
12.4925
15.0425
11.209722222222222
13.396944444444445
12.081666666666667
12.57
11.928055555555556
14.094166666666666
13.155833333333334
12.029722222222222
11.171666666666667
11.418888888888889
11.04861111111111
11.673055555555555
9.779722222222222
